6960 6960 47.0
7517 7517 107.0
6945 6945 55.0
6914 6914 73.0
6944 6944 49.0
6939 6939 49.0
6009 6009 98.0
7518 7518 103.0
6046 6046 93.0
8325 8325 49.0
7123 7123 59.5
6899 6899 54.0
8222 8222 90.0
6968 6968 71.0
7461 7461 61.0
8423 8423 70.0
6008 6008 60.0
8313 8313 49.0
8365 8365 51.0
9058 9058 101.0
8335 8335 104.0
8343 8343 62.0
8374 8374 59.0
6956 6956 69.0
6909 6909 51.0
6042 6042 56.0
6064 6064 96.0
7525 7525 46.0
6961 6961 46.0
6974 6974 103.0
7306 7306 60.0
7255 7255 46.0
7418 7418 63.0
6928 6928 55.0
7094 7094 58.5
6900 6900 90.0
8387 8387 52.0
8247 8247 87.0
7062 7062 46.0
7282 7282 51.0
8422 8422 106.0
6985 6985 56.0
6915 6915 53.0
6958 6958 49.0
6016 6016 75.0
6929 6929 71.0
7520 7520 60.0
6933 6933 56.0
8424 8424 46.0
6926 6926 49.0
7346 7346 64.0
7296 7296 70.0
7522 7522 83.0
8369 8369 76.0
6932 6932 51.0
8237 8237 97.0
7000 7000 65.0
7477 7477 59.0
8378 8378 56.0
8329 8329 46.0
6917 6917 121.0
7460 7460 49.0
6920 6920 71.0
7081 7081 46.0
8270 8270 49.0
6980 6980 51.0
8271 8271 49.0
8230 8230 97.0
5837 5837 57.0
8310 8310 49.0
8215 8215 51.0
8258 8258 73.0
6898 6898 41.0
8411 8411 NA
6910 6910 49.0
7014 7014 92.0
6927 6927 51.0
6966 6966 53.0
6959 6959 51.0
8354 8354 70.0
8264 8264 46.0
6965 6965 102.0
6973 6973 53.0
6975 6975 51.0
8236 8236 91.0
8337 8337 70.0
8420 8420 56.0
8297 8297 73.0
8231 8231 91.0
8366 8366 NA
8351 8351 78.0
6943 6943 49.0
6972 6972 63.0
6942 6942 46.0
6901 6901 86.0
6936 6936 67.0
8389 8389 63.0
8395 8395 69.0
6918 6918 108.0
7033 7033 76.0
6976 6976 56.0
8239 8239 52.0
6040 6040 71.0
6919 6919 71.0
6981 6981 44.0
7516 7516 100.0
7147 7147 71.0
6969 6969 70.0
6921 6921 64.0
7524 7524 51.0
8241 8241 73.0
9057 9057 76.0
6979 6979 44.0
8326 8326 67.0
8412 8412 NA
8256 8256 61.0
7521 7521 60.0
6908 6908 49.0
8357 8357 NA
8296 8296 45.0
6946 6946 62.0
8242 8242 120.0
7231 7231 46.0
8284 8284 61.0
6962 6962 52.0
8235 8235 60.0
8353 8353 41.0
8259 8259 73.0
6923 6923 44.0
6906 6906 43.0
6967 6967 44.0
8285 8285 70.0
6970 6970 48.0
8240 8240 93.0
7064 7064 79.0
8306 8306 96.0
7519 7519 76.0
8274 8274 74.0
8283 8283 71.0
6916 6916 63.0
6924 6924 49.0
7515 7515 49.0
6043 6043 90.0
7526 7526 53.0
8243 8243 66.0
8300 8300 61.0
7514 7514 58.0
6911 6911 46.0
100000 100000 58.0
8388 8388 60.0
8275 8275 68.0
6931 6931 46.0
7275 7275 46.0
6983 6983 71.0
7163 7163 57.0
7438 7438 75.0
6963 6963 60.0
8334 8334 64.0
6951 6951 68.0
8430 8430 NA
6930 6930 49.0
8214 8214 51.0
8290 8290 50.0
8426 8426 49.0
8323 8323 51.0
6897 6897 62.0
8249 8249 81.0
6922 6922 48.0
8376 8376 84.0
6709 6709 52.0
8213 8213 44.0
8254 8254 52.0
8311 8311 49.0
6977 6977 49.0
6957 6957 84.0
6978 6978 49.0
8245 8245 46.0
6913 6913 99.0
6971 6971 51.0
6964 6964 93.0
6074 6074 91.0
6905 6905 65.0
8233 8233 59.0
7323 7323 56.0
6982 6982 49.0
8312 8312 66.0
6937 6937 65.0
6984 6984 53.0
6243 6243 56.0
7424 7424 43.0
7523 7523 57.0
6988 6988 48.0
8266 8266 99.0
6903 6903 57.0
6907 6907 58.0
8314 8314 64.0
6904 6904 66.0
8265 8265 44.0
6940 6940 49.0
